800000 0.0 0.0 0.0 1.4071428571428573 1.4071428571428573 1.4092857142857143 1.4114285714285715 1.4078571428571427 1.4092857142857143 1.4121428571428571 1.4071428571428573 1.4 1.4085714285714286 1.4014285714285715 1.4071428571428573
900000 1.4071428571428573 1.41 1.3071428571428572 0.0 1.2921428571428573 1.295 1.2964285714285715 1.2935714285714286 1.2935714285714286 1.2907142857142857 1.295 1.295 1.2978571428571428 1.295 1.2957142857142856
1100000 1.295 1.2942857142857143 1.1085714285714285 1.1071428571428572 0.0 1.0942857142857143 1.1057142857142856 1.1042857142857143 1.1071428571428572 1.1042857142857143 1.1071428571428572 1.1085714285714285 1.1057142857142856 1.1057142857142856 1.1057142857142856
1200000 1.1057142857142856 1.1057142857142856 1.0364285714285715 1.035 1.032142857142857 0.0 1.032142857142857 1.0364285714285715 1.0357142857142856 1.0364285714285715 1.0364285714285715 1.0342857142857145 1.035 1.0335714285714286 1.0478571428571428
1400000 1.0307142857142857 1.0342857142857145 0.9092857142857143 0.9135714285714285 0.9107142857142857 0.9107142857142857 0.0 0.9103571428571429 0.9114285714285714 0.9107142857142857 0.9078571428571429 0.91 0.91 0.9085714285714286 0.9107142857142857
1500000 0.9114285714285714 0.9107142857142857 0.86 0.8521428571428572 0.8507142857142856 0.8607142857142858 0.8585714285714285 0.0 0.8617857142857143 0.86 0.86 0.8621428571428571 0.8614285714285714 0.8592857142857142 0.8585714285714285
1700000 0.8578571428571429 0.86 0.8157142857142857 0.8142857142857143 0.8157142857142857 0.8157142857142857 0.8128571428571428 0.8135714285714286 0.0 0.8142857142857143 0.8142857142857143 0.8171428571428571 0.8164285714285715 0.815 0.815
1800000 0.8135714285714286 0.812142857142857 0.735 0.7371428571428571 0.7385714285714287 0.7357142857142858 0.7392857142857142 0.7371428571428571 0.7371428571428571 0.0 0.7382142857142857 0.735 0.735 0.7371428571428571 0.735
1900000 0.74 0.7342857142857143 0.705 0.7035714285714286 0.7071428571428572 0.7035714285714286 0.7035714285714286 0.7164285714285714 0.7057142857142857 0.705 0.0 0.7057142857142857 0.7064285714285714 0.705 0.7042857142857143
2100000 0.7057142857142857 0.705 0.6371428571428571 0.6442857142857144 0.6449999999999999 0.6442857142857144 0.6442857142857144 0.6449999999999999 0.6471428571428571 0.6449999999999999 0.6428571428571428 0.0 0.6464285714285715 0.6371428571428571 0.6457142857142857
2200000 0.6457142857142857 0.6449999999999999 0.62 0.6214285714285714 0.62 0.6214285714285714 0.62 0.6185714285714287 0.6207142857142858 0.6214285714285714 0.62 0.62 0.0 0.6207142857142858 0.6178571428571429
2400000 0.6164285714285714 0.6185714285714287 0.5735714285714286 0.575 0.5721428571428571 0.5728571428571428 0.575 0.5735714285714286 0.5735714285714286 0.5757142857142857 0.5728571428571428 0.5742857142857143 0.5742857142857143 0.0 0.5739285714285715
2500000 0.5742857142857143 0.5721428571428571 0.5521428571428572 0.5535714285714286 0.5542857142857143 0.5535714285714286 0.5528571428571428 0.5521428571428572 0.5528571428571428 0.5485714285714285 0.5528571428571428 0.5521428571428572 0.5542857142857143 0.5535714285714286 1.97
2700000 0.5542857142857143 0.555 1.937142857142857 1.9428571428571428 1.9542857142857144 1.96 3.8 1.9428571428571428 1.937142857142857 1.96 1.9428571428571428 1.977142857142857 1.9400000000000002 2.0 1.7271428571428573
2800000 1.7214285714285715 3.8400000000000003 1.7242857142857142 1.7242857142857142 1.7214285714285715 1.7257142857142858 1.7228571428571429 1.7257142857142858 1.7242857142857142 1.7028571428571428 1.7242857142857142 1.7214285714285715 1.7242857142857142 1.72 0.0
