1000000 0.0 3.718095238095238 1.918095238095238 3.8104761904761904 3.8295238095238098 93.78666666666668 3.6676190476190476 1.9238095238095239 1.9342857142857144 3.818095238095238 1.918095238095238 3.66
1100000 1.76 0.0 1.7580952380952382 1.7980952380952382 38.21333333333334 1.7685714285714287 1.7561904761904763 3.5580952380952384 5.223809523809524 148.90571428571428 1.7514285714285716 1.7476190476190476
1200000 1.6352380952380952 1.7019047619047618 0.0 1.6485714285714286 1.64 1.621904761904762 43.64190476190476 1.6333333333333335 1.6485714285714286 1.6238095238095238 1.760952380952381 1.7333333333333332
1300000 104.23142857142857 2.9923809523809526 2.9752380952380952 0.0 1.6504761904761904 1.5371428571428571 118.6647619047619 1.5323809523809524 49.84952380952381 159.61904761904762 1.6533333333333333 207.85809523809522
1400000 166.19619047619048 284.35809523809525 288.1714285714286 11.317142857142857 0.0 67.67904761904762 129.06285714285715 158.24380952380955 178.6352380952381 193.8190476190476 216.41047619047617 1.444761904761905
1500000 185.89619047619047 129.66 173.82285714285715 36.754285714285714 196.26190476190476 0.0 81.31238095238095 166.73333333333335 167.62666666666667 66.99333333333334 1.3552380952380954 1.3419047619047617
1600000 1.295238095238095 111.14476190476189 211.3647619047619 2.7495238095238093 200.07809523809524 111.04857142857142 0.0 1.4104761904761904 72.33428571428571 73.10285714285713 154.6704761904762 57.21904761904762
1700000 310.7447619047619 165.92000000000002 122.62 161.19809523809525 156.17809523809524 158.27904761904762 213.97809523809525 0.0 293.8180952380952 254.48571428571427 198.74190476190475 171.64380952380952
1800000 311.26095238095235 327.0228571428571 174.98666666666668 307.4266666666667 141.75428571428571 202.44571428571427 345.56904761904764 220.6095238095238 0.0 345.0161904761905 213.2895238095238 255.44666666666666
1900000 339.7657142857143 278.8342857142857 221.8295238095238 360.13428571428574 239.15809523809523 300.90666666666664 269.97333333333336 262.67523809523806 344.27619047619044 0.0 357.62 260.3457142857143
2000000 354.4457142857143 358.52285714285716 373.39714285714285 193.59333333333333 279.9409523809524 200.88761904761904 371.45714285714286 352.1952380952381 277.4819047619048 349.53809523809525 0.0 393.36285714285714
2100000 246.39333333333332 279.23333333333335 245.53619047619046 312.2419047619048 376.6419047619048 253.11333333333334 365.08285714285716 389.50190476190477 329.6276190476191 318.50857142857143 287.96761904761905 0.0
